6.74
7.13
6.34
7.25
7.11
7.16
6.90
7.20
7.18
7.28
6.94
7.38
7.26
7.22
7.08
7.17
7.28
7.24
6.96
7.23
7.16
6.93
7.24
7.19
7.27
6.77
7.11
7.23
7.28
6.76
7.22
7.31
7.23
6.83
7.17
7.18
7.22
6.75
7.29
7.20
7.19
6.89
7.24
7.23
7.25
6.84
7.17
7.24
6.95
7.01
7.25
7.27
7.17
6.63
7.24
7.24
7.17
6.84
7.35
7.29
7.28
6.74
7.21
7.23
7.28
6.87
7.21
7.31
7.25
7.02
7.34
7.26
7.25
6.83
7.20
7.15
7.34
6.93
7.27
7.29
7.16
6.89
7.19
7.28
7.28
6.96
7.21
7.25
7.24
6.95
7.19
7.15
7.20
6.91
7.22
7.19
7.22
6.84
7.16
7.18
7.25
7.02
7.27
7.21
7.14
7.01
7.17
7.20
6.88
7.22
7.18
7.15
6.78
7.26
7.09
7.22
6.88
7.16
7.14
7.22
6.84
7.23
7.24
6.82
7.25
7.24
7.31
6.68
7.23
7.27
7.26
6.93
7.15
7.26
7.18
7.04
7.21
7.27
7.24
6.95
7.26
7.28
6.92
7.20
7.26
7.19
6.77
7.25
7.07
7.21
7.17
7.03
7.19
7.23
6.92
7.23
7.22
7.24
7.29
7.28
7.23
7.24
7.40
7.30
7.25
7.07
7.20
7.25
7.36
7.22
7.34
7.38
7.27
7.33
7.19
